3.576278686523437500e-06 -1.799999284744326644e+02
1.008605957031250000e-02 -1.797983296728925779e+02
2.020382881164550781e-02 -1.795961275211164150e+02
3.131341934204101562e-02 -1.793742218782746249e+02
4.139780998229980469e-02 -1.791729006896896692e+02
5.363035202026367188e-02 -1.789288310669236353e+02
6.739854812622070312e-02 -1.786543003196203472e+02
7.753801345825195312e-02 -1.784522458026004870e+02
8.763813972473144531e-02 -1.782510774272725769e+02
9.806132316589355469e-02 -1.780435815482326518e+02
1.098561286926269531e-01 -1.778089116106531264e+02
1.199810504913330078e-01 -1.776075767164118417e+02
1.317605972290039062e-01 -1.773734684829109938e+02
1.436743736267089844e-01 -1.771368336902843339e+02
1.558706760406494141e-01 -1.768947343130116963e+02
1.695659160614013672e-01 -1.766230579787168438e+02
1.796884536743164062e-01 -1.764223748967056054e+02
1.915552616119384766e-01 -1.761872414768868396e+02
2.031168937683105469e-01 -1.759582903609008326e+02
2.144043445587158203e-01 -1.757348977203085099e+02
2.245070934295654297e-01 -1.755350598489087872e+02
2.364318370819091797e-01 -1.752993132651547796e+02
2.496993541717529297e-01 -1.750371878003018367e+02
2.598268985748291016e-01 -1.748372170371149252e+02
2.699828147888183594e-01 -1.746367890643642795e+02
2.801206111907958984e-01 -1.744368215545910346e+02
2.902579307556152344e-01 -1.742369662180709611e+02
3.004176616668701172e-01 -1.740367721523832927e+02
3.105351924896240234e-01 -1.738375122030948035e+02
3.206708431243896484e-01 -1.736379980323272605e+02
3.308079242706298828e-01 -1.734385584559675237e+02
3.409459590911865234e-01 -1.732392028916865740e+02
3.510839939117431641e-01 -1.730399501071556472e+02
3.612058162689208984e-01 -1.728411184954748308e+02
3.713436126708984375e-01 -1.726420757859177684e+02
3.814663887023925781e-01 -1.724434305288069709e+02
3.916041851043701172e-01 -1.722445932168082265e+02
4.017405509948730469e-01 -1.720458867152593712e+02
4.118597507476806641e-01 -1.718476192121893575e+02
4.220166206359863281e-01 -1.716487166013267824e+02
4.321393966674804688e-01 -1.714505842957264576e+02
4.422624111175537109e-01 -1.712525497977926818e+02
4.523987770080566406e-01 -1.710543567865580599e+02
4.625072479248046875e-01 -1.708568115186953946e+02
4.726612567901611328e-01 -1.706584791960320047e+02
4.827973842620849609e-01 -1.704605989718834564e+02
4.929468631744384766e-01 -1.702625610414679898e+02
5.030684471130371094e-01 -1.700651699889796191e+02
5.131528377532958984e-01 -1.698686061623812122e+02
5.232880115509033203e-01 -1.696711549404983828e+02
5.334317684173583984e-01 -1.694736393574312672e+02
5.435538291931152344e-01 -1.692766487987529445e+02
5.536749362945556641e-01 -1.690797792416492769e+02
5.638110637664794922e-01 -1.688827201824831548e+02
5.739340782165527344e-01 -1.686860185987380873e+02
5.840649604797363281e-01 -1.684892667294353714e+02
5.941498279571533203e-01 -1.682935104498876910e+02
6.042876243591308594e-01 -1.680968292792941838e+02
6.144196987152099609e-01 -1.679003618087804455e+02
6.245429515838623047e-01 -1.677041679175092952e+02
6.346812248229980469e-01 -1.675077856321114496e+02
6.447992324829101562e-01 -1.673118983754470719e+02
6.549367904663085938e-01 -1.671157352904269828e+02
6.650478839874267578e-01 -1.669201866642495418e+02
6.751949787139892578e-01 -1.667240445553605070e+02
6.853518486022949219e-01 -1.665278166061453931e+02
6.954922676086425781e-01 -1.663320093949788543e+02
7.056307792663574219e-01 -1.661363418129968750e+02
7.157533168792724609e-01 -1.659410850677263909e+02
7.258856296539306641e-01 -1.657457423805904284e+02
7.360024452209472656e-01 -1.655508008952666614e+02
7.461400032043457031e-01 -1.653555623881039764e+02
7.562632560729980469e-01 -1.651607019347831056e+02
7.664012908935546875e-01 -1.649656596514705598e+02
7.765200138092041016e-01 -1.647710913897390412e+02
7.866406440734863281e-01 -1.645765888699844481e+02
7.967619895935058594e-01 -1.643821750421603838e+02
8.068988323211669922e-01 -1.641875662163772915e+02
8.170177936553955078e-01 -1.639934031644668551e+02
8.271334171295166016e-01 -1.637994065022758434e+02
8.372626304626464844e-01 -1.636052517469316854e+02
8.474175930023193359e-01 -1.634107064284185356e+02
8.575403690338134766e-01 -1.632168803615850550e+02
8.676741123199462891e-01 -1.630229469361961776e+02
8.777875900268554688e-01 -1.628295037260654681e+02
8.879501819610595703e-01 -1.626352241236011480e+02
8.980731964111328125e-01 -1.624418038048333983e+02
9.082109928131103516e-01 -1.622482037474710808e+02
9.183247089385986328e-01 -1.620551659567516083e+02
9.284567832946777344e-01 -1.618618803333293954e+02
