4.053115844726562500e-06 -1.380207042247305367e+02
1.002724170684814453e-01 -1.364402279065043615e+02
2.006151676177978516e-01 -1.348665314165533005e+02
3.009915351867675781e-01 -1.333002669949840424e+02
4.013354778289794922e-01 -1.317424652965720782e+02
5.015470981597900391e-01 -1.301946576046046573e+02
6.019048690795898438e-01 -1.286525444400158165e+02
7.022464275360107422e-01 -1.271186361452511449e+02
8.026099205017089844e-01 -1.255923502530775409e+02
9.029476642608642578e-01 -1.240744114637663529e+02
1.003208398818969727e+00 -1.225655830360119865e+02
1.103571891784667969e+00 -1.210631627002318567e+02
1.203921318054199219e+00 -1.195689098490696267e+02
1.304273366928100586e+00 -1.180825746094244550e+02
1.404504299163818359e+00 -1.166059756221300177e+02
1.504681110382080078e+00 -1.151381050887874835e+02
1.604862213134765625e+00 -1.136781011849386971e+02
1.705081701278686523e+00 -1.122254721064068974e+02
1.805254936218261719e+00 -1.107814437111377970e+02
1.905432939529418945e+00 -1.093452755812639907e+02
2.005628108978271484e+00 -1.079167925847121410e+02
2.105856657028198242e+00 -1.064957695826703770e+02
2.206066131591796875e+00 -1.050829519307103226e+02
2.306246995925903320e+00 -1.036784684210521306e+02
2.406437158584594727e+00 -1.022817853023330059e+02
2.506607294082641602e+00 -1.008933101074290590e+02
2.606795310974121094e+00 -9.951251712468723554e+01
2.706976175308227539e+00 -9.813975264626957085e+01
2.807157516479492188e+00 -9.677491133501389697e+01
2.907349109649658203e+00 -9.541786129085512869e+01
3.007524013519287109e+00 -9.406896665725712126e+01
3.107713937759399414e+00 -9.272780025281828387e+01
3.207925081253051758e+00 -9.139428340100609205e+01
3.308126449584960938e+00 -9.006882990574763426e+01
3.408298254013061523e+00 -8.875169685913471085e+01
3.508775234222412109e+00 -8.743851561283028673e+01
3.609120607376098633e+00 -8.613501532738224853e+01
3.709375619888305664e+00 -8.484063380505926943e+01
3.809723377227783203e+00 -8.355300727459898269e+01
3.909992933273315430e+00 -8.227433098413311541e+01
4.010366439819335938e+00 -8.100228512505202616e+01
4.110704421997070312e+00 -7.973864541569494691e+01
4.211047410964965820e+00 -7.848289778393295535e+01
4.311409473419189453e+00 -7.723486905516458023e+01
4.411684989929199219e+00 -7.599586461220360434e+01
4.512034416198730469e+00 -7.476390036160535146e+01
4.612308502197265625e+00 -7.354080843779067322e+01
4.712643623352050781e+00 -7.232492370237596901e+01
4.812927246093750000e+00 -7.111761099739398162e+01
4.913259983062744141e+00 -6.991765876564305415e+01
5.013594865798950195e+00 -6.872563483149558294e+01
5.113953828811645508e+00 -6.754128172185919254e+01
5.214179992675781250e+00 -6.636643787298912400e+01
5.314422845840454102e+00 -6.519933719328496124e+01
5.414699792861938477e+00 -6.403978307972214168e+01
5.515067815780639648e+00 -6.288713149801351676e+01
5.615412712097167969e+00 -6.174270205796432265e+01
5.715789318084716797e+00 -6.060587037504231489e+01
5.816140890121459961e+00 -5.947727990243232910e+01
5.916419506072998047e+00 -5.835745793766078293e+01
6.016762256622314453e+00 -5.724487252562262540e+01
6.117126941680908203e+00 -5.614000180864553613e+01
6.217486381530761719e+00 -5.504314698127836891e+01
6.317754745483398438e+00 -5.395523465646965633e+01
6.418020725250244141e+00 -5.287529141916552078e+01
6.518389940261840820e+00 -5.180219165368566792e+01
6.618666172027587891e+00 -5.073803445323794392e+01
6.719038009643554688e+00 -4.968081877363185583e+01
6.819385766983032227e+00 -4.863181377281652829e+01
6.919719457626342773e+00 -4.759091023497880713e+01
7.020029783248901367e+00 -4.655820017390723820e+01
7.120366334915161133e+00 -4.553317338223376964e+01
7.220597028732299805e+00 -4.451716974875735389e+01
7.320792198181152344e+00 -4.350945952890114654e+01
7.420999526977539062e+00 -4.250956037001321874e+01
7.521192312240600586e+00 -4.151773843842440215e+01
7.621375083923339844e+00 -4.053394597546203215e+01
7.721583843231201172e+00 -3.955783134699541392e+01
7.821791172027587891e+00 -3.858966454413322822e+01
7.921982765197753906e+00 -3.762958173912102922e+01
8.022203207015991211e+00 -3.667715726185196701e+01
8.122390270233154297e+00 -3.573298193832292213e+01
8.222577571868896484e+00 -3.479673502215152325e+01
8.322816133499145508e+00 -3.386794583428498839e+01
8.422993421554565430e+00 -3.294765589768577030e+01
8.523184537887573242e+00 -3.203516964634692243e+01
8.623379707336425781e+00 -3.113057823033528848e+01
8.723580121994018555e+00 -3.023387199123755664e+01
8.823755264282226562e+00 -2.934532165669102000e+01
8.923944711685180664e+00 -2.846457487342837567e+01
9.024115085601806641e+00 -2.759192450038467825e+01
9.124298334121704102e+00 -2.672709148062902074e+01
9.224493265151977539e+00 -2.587008902063889337e+01
9.324670076370239258e+00 -2.502117126582022877e+01
9.424890518188476562e+00 -2.417981796058237620e+01
9.525068044662475586e+00 -2.334675574538666609e+01
9.625251770019531250e+00 -2.252157183331928536e+01
9.725473403930664062e+00 -2.170401027871123745e+01
9.825664281845092773e+00 -2.089463206445969945e+01
9.925874948501586914e+00 -2.009302756936037326e+01
1.002609682083129883e+01 -1.929926913199457061e+01
1.012629175186157227e+01 -1.851365700802833203e+01
1.022647523880004883e+01 -1.773606512801264046e+01
1.032668590545654297e+01 -1.696619557498473085e+01
1.042689752578735352e+01 -1.620425317179275737e+01
1.052708578109741211e+01 -1.545042016009453079e+01
1.062727856636047363e+01 -1.470448441683276997e+01
1.072746825218200684e+01 -1.396650291274497846e+01
1.082766771316528320e+01 -1.323638160823526988e+01
1.092785692214965820e+01 -1.251426637817222343e+01
1.102804183959960938e+01 -1.180011253548775940e+01
1.112824034690856934e+01 -1.109379371932825720e+01
1.122841763496398926e+01 -1.039555440002357400e+01
1.132860159873962402e+01 -9.705198421746889181e+00
1.142879414558410645e+01 -9.022714452924315509e+00
1.152897357940673828e+01 -8.348249743471129136e+00
1.162919354438781738e+01 -7.681446386259128900e+00
1.172936177253723145e+01 -7.022916946428843232e+00
1.182955074310302734e+01 -6.372181248005816201e+00
1.192974328994750977e+01 -5.729353673908050837e+00
1.202994298934936523e+01 -5.094412553007789057e+00
1.213013219833374023e+01 -4.467469288189771959e+00
1.223030757904052734e+01 -3.848541878857741239e+00
1.233049631118774414e+01 -3.237462340183927978e+00
1.243068099021911621e+01 -2.634337931513474729e+00
1.253088283538818359e+01 -2.039042467340053122e+00
1.263110089302062988e+01 -1.451585577263912796e+00
1.273125934600830078e+01 -8.724065324472576322e-01
1.283143568038940430e+01 -3.010523060114032035e-01
1.293161129951477051e+01 2.623689984169246259e-01
1.303179860115051270e+01 8.179258079085762745e-01
1.313200712203979492e+01 1.365667098639875121e+00
1.323221826553344727e+01 1.905488389696792240e+00
1.333244466781616211e+01 2.437455626383712826e+00
1.343263673782348633e+01 2.961307861653455831e+00
1.353282999992370605e+01 3.477234769592207897e+00
1.363303637504577637e+01 3.985296036124051255e+00
1.373321318626403809e+01 4.485277236303176096e+00
1.383342337608337402e+01 4.977492062381616122e+00
1.393362760543823242e+01 5.461744031908642327e+00
1.403382229804992676e+01 5.938017702370640194e+00
1.413403153419494629e+01 6.406426944343566632e+00
1.423423719406127930e+01 6.866885757739812135e+00
1.433441758155822754e+01 7.319297871831762947e+00
1.443460440635681152e+01 7.763808723208969198e+00
1.453479719161987305e+01 8.200414724159928781e+00
1.463499021530151367e+01 8.629090203892843647e+00
1.473517274856567383e+01 9.049790476445854992e+00
1.483537936210632324e+01 9.462659102096388608e+00
1.493562531471252441e+01 9.867751417609957443e+00
1.503583145141601562e+01 1.026474761564330151e+01
1.513602399826049805e+01 1.065375794142738819e+01
1.523621249198913574e+01 1.103482151764225172e+01
1.533641767501831055e+01 1.140801573686192327e+01
1.543660664558410645e+01 1.177321800640625327e+01
1.553678154945373535e+01 1.213043974324427587e+01
1.563697481155395508e+01 1.247979606446880041e+01
1.573715877532958984e+01 1.282118946080947808e+01
1.583734464645385742e+01 1.315465899503769975e+01
1.593753480911254883e+01 1.348021186690082374e+01
1.603770542144775391e+01 1.379777241756511330e+01
1.613788938522338867e+01 1.410744568809412947e+01
1.623807907104492188e+01 1.440920583106989028e+01
1.633826446533203125e+01 1.470302251685311035e+01
1.643843483924865723e+01 1.498886657359007657e+01
1.653861188888549805e+01 1.526680090351304386e+01
1.663879370689392090e+01 1.553681885611865710e+01
1.673897695541381836e+01 1.579891069895080591e+01
1.683916378021240234e+01 1.605308145112926610e+01
1.693935346603393555e+01 1.629932853372921997e+01
1.703953862190246582e+01 1.653763397931010104e+01
1.713972401618957520e+01 1.676800963972363689e+01
1.723992228507995605e+01 1.699048301475006184e+01
1.734010219573974609e+01 1.720498540825990830e+01
1.744029736518859863e+01 1.741158916809973789e+01
1.754048395156860352e+01 1.761024433938625222e+01
1.764067840576171875e+01 1.780098362671509094e+01
1.774087476730346680e+01 1.798379452246459920e+01
1.784108424186706543e+01 1.815869568797027611e+01
1.794128012657165527e+01 1.832564057383601508e+01
1.804145812988281250e+01 1.848462576665772517e+01
1.814163398742675781e+01 1.863567861717850960e+01
1.824182558059692383e+01 1.877882447479815653e+01
1.834201979637145996e+01 1.891404242485403486e+01
1.844222331047058105e+01 1.904134006102962573e+01
1.854239869117736816e+01 1.916067206692432379e+01
1.864257788658142090e+01 1.927207938759450201e+01
1.874280071258544922e+01 1.937560066769636791e+01
1.884300589561462402e+01 1.947116953089562230e+01
1.894319581985473633e+01 1.955879215846927011e+01
1.904337668418884277e+01 1.963847685942271681e+01
1.914357399940490723e+01 1.971024304764643986e+01
1.924378252029418945e+01 1.977408368212422474e+01
1.934396386146545410e+01 1.982997620525001992e+01
1.944416141510009766e+01 1.987794612844336228e+01
1.954437708854675293e+01 1.991799028788042847e+01
1.964456272125244141e+01 1.995009085521278180e+01
1.974470877647399902e+01 1.997425304066213769e+01
1.984489011764526367e+01 1.999049541597279145e+01
1.994507241249084473e+01 1.999880811260475255e+01
2.004524922370910645e+01 1.999919113425552908e+01
2.014542102813720703e+01 1.999164572822639130e+01
2.024559950828552246e+01 1.997617081639461034e+01
2.034579896926879883e+01 1.995276090526131085e+01
2.044598960876464844e+01 1.992142151383228921e+01
2.054616594314575195e+01 1.988215710341065900e+01
2.064637184143066406e+01 1.983494866754743668e+01
2.074655365943908691e+01 1.977982082766817840e+01
2.084672975540161133e+01 1.971676702032183925e+01
2.094690537452697754e+01 1.964578467998915912e+01
2.104709792137145996e+01 1.956685952094411007e+01
2.114727497100830078e+01 1.948001691558491899e+01
2.124744701385498047e+01 1.938525020429118584e+01
2.134763479232788086e+01 1.928253849010759069e+01
2.144781303405761719e+01 1.917190694608451196e+01
2.154801750183105469e+01 1.905331409599100567e+01
2.164822483062744141e+01 1.892678413847970376e+01
2.174841737747192383e+01 1.879234076667345477e+01
2.184860014915466309e+01 1.864998017826366450e+01
2.194878792762756348e+01 1.849968193415537598e+01
2.204897212982177734e+01 1.834145874052056158e+01
2.214916658401489258e+01 1.817528796537463265e+01
2.224937391281127930e+01 1.800116251295717973e+01
2.234955835342407227e+01 1.781914571562600358e+01
2.244974732398986816e+01 1.762918993959181435e+01
2.254991912841796875e+01 1.743133782040495916e+01
2.265012860298156738e+01 1.722547861475368336e+01
2.275031304359436035e+01 1.701173963453419447e+01
2.285049724578857422e+01 1.679007098053941149e+01
2.295067310333251953e+01 1.656049160777924811e+01
2.305086493492126465e+01 1.632294487769075175e+01
2.315104770660400391e+01 1.607748932281007725e+01
2.325123929977416992e+01 1.582408116064712722e+01
2.335143160820007324e+01 1.556273976138556492e+01
2.345163321495056152e+01 1.529344154788584476e+01
2.355182266235351562e+01 1.501624452874644611e+01
2.365201354026794434e+01 1.473111237851516009e+01
2.375218677520751953e+01 1.443810130319803342e+01
2.385237360000610352e+01 1.413712042663517110e+01
2.395256733894348145e+01 1.382818736947078975e+01
2.405274176597595215e+01 1.351138446800453252e+01
